Likelihood_Function	alpha_lower	alpha_upper	mu_lower	mu_upper	sigma2_lower	sigma2_upper	tau_lower	tau_upper	a_lower	a_upper
OU_negloglik	2.6162	3.5051	0.2222	0.2727	0.2800	0.3100	100.0000	220.0000	0.1000	2.0000
pseudo_negloglik	2.6162	3.2626	0.1717	0.2424	0.2600	0.2800	118.1818	173.9394	0.6566	1.1172
joint	2.7374	3.2222	0.2121	0.2525	0.2700	0.2900	118.1818	173.9394	0.6374	1.0020
product	2.6970	3.2626	0.2121	0.2525	0.2700	0.2900	118.1818	173.9394	0.6374	1.1172
OU_negloglik	2.6162	3.5051	0.2222	0.2727	0.2800	0.3100	100.0000	220.0000	0.1000	2.0000
OU_negloglik	2.6162	3.5051	0.2222	0.2727	0.2800	0.3100	100.0000	220.0000	0.1000	2.0000
pseudo_negloglik	2.6162	3.2626	0.1717	0.2424	0.2600	0.2800	118.1818	173.9394	0.6566	1.1172
pseudo_negloglik	2.6162	3.2626	0.1717	0.2424	0.2600	0.2800	118.1818	173.9394	0.6566	1.1172
joint	2.7374	3.2222	0.2121	0.2525	0.2700	0.2900	118.1818	173.9394	0.6374	1.0020
joint	2.7374	3.2222	0.2121	0.2525	0.2700	0.2900	118.1818	173.9394	0.6374	1.0020
product	2.6970	3.2626	0.2121	0.2525	0.2700	0.2900	118.1818	173.9394	0.6374	1.1172
product	2.6970	3.2626	0.2121	0.2525	0.2700	0.2900	118.1818	173.9394	0.6374	1.1172
OU_negloglik	2.6162	3.5051	0.2222	0.2727	0.2800	0.3100	100.0000	220.0000	0.1000	2.0000
OU_negloglik	2.6162	3.5051	0.2222	0.2727	0.2800	0.3100	100.0000	220.0000	0.1000	2.0000
pseudo_negloglik	2.6162	3.2626	0.1717	0.2424	0.2600	0.2800	118.1818	173.9394	0.6566	1.1747
pseudo_negloglik	2.6162	3.2626	0.1717	0.2424	0.2600	0.2800	118.1818	173.9394	0.6566	1.1747
joint	2.6970	3.2626	0.2121	0.2525	0.2700	0.2900	118.1818	173.9394	0.6374	1.1172
joint	2.6970	3.2626	0.2121	0.2525	0.2700	0.2900	118.1818	173.9394	0.6374	1.1172
product	2.6970	3.2626	0.2121	0.2525	0.2700	0.2900	118.1818	173.9394	0.6374	1.1172
product	2.6970	3.2626	0.2121	0.2525	0.2700	0.2900	118.1818	173.9394	0.6374	1.1172
joint	2.6970	3.2626	0.2121	0.2525	0.2700	0.2900	118.1818	173.9394	0.6374	1.1172
