# T	possibility	necessity	alpha	mu	sigma2	tau	a

2.00000000e+03	2.37239741e-04	1.84629769e-05	2.93918652e+00	2.46130162e-01	2.75930420e-01	1.18556936e+02	1.02490737e+00
2.00217857e+03	3.33084531e-04	1.84630218e-05	2.94114357e+00	2.46743071e-01	2.75839392e-01	1.17096165e+02	1.03795830e+00
2.00435714e+03	4.82949074e-04	1.84631309e-05	2.94317152e+00	2.47141215e-01	2.75838461e-01	1.16711616e+02	1.04022721e+00
2.00653571e+03	7.09434129e-04	1.84633929e-05	2.94488503e+00	2.47436271e-01	2.75839417e-01	1.16697358e+02	1.03897539e+00
2.00871429e+03	1.04646730e-03	1.84640144e-05	2.94636274e+00	2.47655692e-01	2.75879444e-01	1.16867357e+02	1.03571938e+00
2.01089286e+03	1.54202466e-03	1.84654708e-05	2.94767354e+00	2.47792787e-01	2.75912468e-01	1.17186334e+02	1.03127633e+00
2.01307143e+03	2.26232079e-03	1.84688416e-05	2.94957654e+00	2.47939520e-01	2.75959460e-01	1.17612664e+02	1.02593118e+00
2.01525000e+03	3.29683784e-03	1.84765441e-05	2.95026076e+00	2.48081260e-01	2.75996458e-01	1.18095058e+02	1.01963945e+00
2.01742857e+03	4.76409677e-03	1.84939236e-05	2.95106300e+00	2.48197302e-01	2.76029435e-01	1.18653876e+02	1.01289348e+00
2.01960714e+03	6.81748063e-03	1.85323909e-05	2.95163280e+00	2.48222705e-01	2.76072401e-01	1.19253500e+02	1.00590338e+00
2.02178571e+03	9.65099363e-03	1.86181929e-05	2.95172371e+00	2.48222684e-01	2.76117448e-01	1.19917808e+02	9.98318396e-01
2.02396429e+03	1.35040244e-02	1.88018462e-05	2.95180398e+00	2.48332089e-01	2.76175485e-01	1.20653467e+02	9.89925477e-01
2.02614286e+03	1.86628802e-02	1.91963132e-05	2.95205409e+00	2.48332485e-01	2.76250448e-01	1.21411650e+02	9.81785378e-01
2.02832143e+03	2.54607694e-02	2.00264175e-05	2.95129262e+00	2.48341011e-01	2.76276468e-01	1.22220461e+02	9.72918162e-01
2.03050000e+03	3.42718621e-02	2.17524250e-05	2.95070168e+00	2.48309588e-01	2.76348409e-01	1.23079959e+02	9.64052424e-01
2.03267857e+03	4.55016709e-02	2.52859677e-05	2.94945362e+00	2.48236832e-01	2.76401378e-01	1.24032206e+02	9.54195316e-01
2.03485714e+03	5.95692431e-02	3.24062930e-05	2.94812258e+00	2.48160577e-01	2.76454323e-01	1.25004382e+02	9.44475370e-01
2.03703571e+03	7.68877739e-02	4.65418682e-05	2.94677878e+00	2.48081680e-01	2.76515385e-01	1.26020584e+02	9.34489285e-01
2.03921429e+03	9.78384365e-02	7.41238543e-05	2.94463968e+00	2.47981518e-01	2.76576346e-01	1.27105510e+02	9.24052275e-01
2.04139286e+03	1.22740934e-01	1.27008915e-04	2.94264956e+00	2.47865747e-01	2.76641393e-01	1.28219721e+02	9.13594304e-01
2.04357143e+03	1.51827073e-01	2.26463185e-04	2.94023958e+00	2.47737893e-01	2.76690347e-01	1.29395705e+02	9.02778329e-01
2.04575000e+03	1.85214401e-01	4.09492589e-04	2.93771654e+00	2.47601015e-01	2.76756394e-01	1.30595899e+02	8.91957432e-01
2.04792857e+03	2.22884160e-01	7.38131821e-04	2.93489003e+00	2.47461485e-01	2.76796482e-01	1.31836909e+02	8.81059465e-01
2.05010714e+03	2.64671809e-01	1.31121828e-03	2.93171861e+00	2.47283380e-01	2.76862455e-01	1.33131643e+02	8.69834426e-01
2.05228571e+03	3.10256571e-01	2.27702753e-03	2.92886466e+00	2.47106707e-01	2.76916335e-01	1.34454521e+02	8.58867385e-01
2.05446429e+03	3.59172798e-01	3.84125039e-03	2.92540361e+00	2.46931424e-01	2.76963499e-01	1.35808022e+02	8.47742069e-01
2.05664286e+03	4.10820974e-01	6.26316836e-03	2.92203960e+00	2.46743316e-01	2.77009371e-01	1.37199746e+02	8.36689479e-01
2.05882143e+03	4.64492860e-01	9.83946086e-03	2.91827885e+00	2.46556844e-01	2.77057475e-01	1.38616653e+02	8.25549481e-01
2.06100000e+03	5.19402804e-01	1.48713089e-02	2.91482605e+00	2.46352349e-01	2.77111389e-01	1.40054665e+02	8.14657253e-01
2.06317857e+03	5.74721235e-01	2.16325475e-02	2.91104366e+00	2.46158075e-01	2.77154453e-01	1.41518972e+02	8.03785381e-01
2.06535714e+03	6.29632605e-01	3.03397301e-02	2.90740605e+00	2.45978495e-01	2.77204480e-01	1.42991410e+02	7.93078395e-01
2.06753571e+03	6.83409103e-01	4.11383620e-02	2.90352464e+00	2.45783500e-01	2.77233379e-01	1.44447953e+02	7.82730298e-01
2.06971429e+03	7.76093819e-01	5.40954035e-02	2.89735140e+00	2.45887424e-01	2.77164961e-01	1.45714246e+02	7.72958438e-01
2.07189286e+03	8.30431485e-01	6.92043863e-02	2.89430920e+00	2.45468083e-01	2.77282452e-01	1.47892849e+02	7.58610588e-01
2.07407143e+03	8.77417688e-01	8.63942613e-02	2.88895039e+00	2.45139947e-01	2.77346275e-01	1.50071427e+02	7.44798450e-01
2.07625000e+03	9.16822990e-01	1.05538388e-01	2.88464647e+00	2.44723956e-01	2.77433900e-01	1.52249990e+02	7.31901848e-01
2.07842857e+03	9.48481735e-01	1.26471191e-01	2.87955367e+00	2.44513117e-01	2.77481091e-01	1.54428561e+02	7.18913197e-01
2.08060714e+03	9.72182625e-01	1.48994800e-01	2.87233644e+00	2.44011742e-01	2.77463757e-01	1.56607077e+02	7.05616678e-01
2.08278571e+03	9.88523138e-01	1.72893390e-01	2.86778004e+00	2.43775880e-01	2.77578492e-01	1.58785692e+02	6.93661679e-01
2.08496429e+03	9.97647139e-01	1.97940556e-01	2.86358493e+00	2.43681046e-01	2.77613783e-01	1.60964206e+02	6.82051556e-01
2.08714286e+03	1.00000000e+00	2.23907746e-01	2.85951305e+00	2.43459589e-01	2.77649755e-01	1.62828106e+02	6.72299811e-01
2.08932143e+03	1.00000000e+00	2.50571573e-01	2.85951284e+00	2.43460287e-01	2.77649792e-01	1.62828439e+02	6.72298549e-01
2.09150000e+03	1.00000000e+00	2.77715234e-01	2.85951284e+00	2.43460287e-01	2.77649792e-01	1.62828439e+02	6.72298549e-01
2.09367857e+03	1.00000000e+00	3.05139680e-01	2.85951284e+00	2.43460287e-01	2.77649792e-01	1.62828439e+02	6.72298549e-01
2.09585714e+03	1.00000000e+00	1.00000000e+00	2.85951284e+00	2.43460287e-01	2.77649792e-01	1.62828439e+02	6.72298549e-01
2.09803571e+03	1.00000000e+00	1.00000000e+00	2.85951284e+00	2.43460287e-01	2.77649792e-01	1.62828439e+02	6.72298549e-01
2.10021429e+03	1.00000000e+00	1.00000000e+00	2.85951284e+00	2.43460287e-01	2.77649792e-01	1.62828439e+02	6.72298549e-01
2.10239286e+03	1.00000000e+00	1.00000000e+00	2.85951284e+00	2.43460287e-01	2.77649792e-01	1.62828439e+02	6.72298549e-01
2.10457143e+03	1.00000000e+00	1.00000000e+00	2.85951284e+00	2.43460287e-01	2.77649792e-01	1.62828439e+02	6.72298549e-01
2.10675000e+03	1.00000000e+00	1.00000000e+00	2.85951284e+00	2.43460287e-01	2.77649792e-01	1.62828439e+02	6.72298549e-01
