# T	possibility	necessity	alpha	mu	sigma2	tau	a
1.99950000e+03	2.19945465e-03	4.81011421e-04	2.98172301e+00	2.33405147e-01	2.78021918e-01	1.14893585e+02	1.12459204e+00
2.00155272e+03	3.03007545e-03	4.88599623e-04	2.98309714e+00	2.33640446e-01	2.78027538e-01	1.14703024e+02	1.12546354e+00
2.00360544e+03	4.20928693e-03	5.02051431e-04	2.98406824e+00	2.33869030e-01	2.78036951e-01	1.14747022e+02	1.12331011e+00
2.00565816e+03	5.86436874e-03	5.25634232e-04	2.98473132e+00	2.34088885e-01	2.78048347e-01	1.14937350e+02	1.11930327e+00
2.00771088e+03	8.16504315e-03	5.66504654e-04	2.98512896e+00	2.34299219e-01	2.78061192e-01	1.15230370e+02	1.11403406e+00
2.00976361e+03	1.13331125e-02	6.36490348e-04	2.98527972e+00	2.34499151e-01	2.78074673e-01	1.15602324e+02	1.10783163e+00
2.01181633e+03	1.56533062e-02	7.54827563e-04	2.98518992e+00	2.34688857e-01	2.78088745e-01	1.16039064e+02	1.10089347e+00
2.01386905e+03	2.14845693e-02	9.52245822e-04	2.98485978e+00	2.34867882e-01	2.78103118e-01	1.16532511e+02	1.09334183e+00
2.01592177e+03	2.92708149e-02	1.27684026e-03	2.98428636e+00	2.35036106e-01	2.78117620e-01	1.17077593e+02	1.08525591e+00
2.01797449e+03	3.95498541e-02	1.80210649e-03	2.98347048e+00	2.35193483e-01	2.78132323e-01	1.17671489e+02	1.07669086e+00
2.02002721e+03	5.29589342e-02	2.63721141e-03	2.98240097e+00	2.35340494e-01	2.78147012e-01	1.18312729e+02	1.06767752e+00
2.02207993e+03	7.02351333e-02	3.93887524e-03	2.98107992e+00	2.35476502e-01	2.78161434e-01	1.19000383e+02	1.05824792e+00
2.02413265e+03	9.22088686e-02	5.92307452e-03	2.97949558e+00	2.35602147e-01	2.78175854e-01	1.19734207e+02	1.04842151e+00
2.02618537e+03	1.19789035e-01	8.87332499e-03	2.97765404e+00	2.35717103e-01	2.78190080e-01	1.20513849e+02	1.03822706e+00
2.02823810e+03	1.53938851e-01	1.31412315e-02	2.97555171e+00	2.35821886e-01	2.78203883e-01	1.21338786e+02	1.02768592e+00
2.03029082e+03	1.95642296e-01	1.91352906e-02	2.97319606e+00	2.35916485e-01	2.78217486e-01	1.22208926e+02	1.01682379e+00
2.03234354e+03	2.45862092e-01	2.72962683e-02	2.97058679e+00	2.36001692e-01	2.78230659e-01	1.23123641e+02	1.00566793e+00
2.03439626e+03	3.05125249e-01	3.80613090e-02	2.97354777e+00	2.35971047e-01	2.78307896e-01	1.23820267e+02	1.00000000e+00
2.03644898e+03	3.71140343e-01	5.18225346e-02	2.98227132e+00	2.35806700e-01	2.78453066e-01	1.24285581e+02	1.00000000e+00
2.03850170e+03	4.41550948e-01	6.88876314e-02	2.99100307e+00	2.35616884e-01	2.78600631e-01	1.24770353e+02	1.00000000e+00
2.04055442e+03	5.13465475e-01	8.94483797e-02	2.99963015e+00	2.35400248e-01	2.78752543e-01	1.25270593e+02	1.00000000e+00
2.04260714e+03	5.83400368e-01	1.13561833e-01	3.00811113e+00	2.35161482e-01	2.78904205e-01	1.25780781e+02	1.00000000e+00
2.04465986e+03	6.47871281e-01	1.41145045e-01	3.01347959e+00	2.34969526e-01	2.79020727e-01	1.26419065e+02	9.97181054e-01
2.04671259e+03	7.08592642e-01	1.71981953e-01	3.01007375e+00	2.34949651e-01	2.79040185e-01	1.27499954e+02	9.85355030e-01
2.04876531e+03	7.66005138e-01	2.05740179e-01	3.00658162e+00	2.34923561e-01	2.79059300e-01	1.28595809e+02	9.73638862e-01
2.05081803e+03	8.18861845e-01	2.41994556e-01	3.00303183e+00	2.34892108e-01	2.79077659e-01	1.29700310e+02	9.62097055e-01
2.05287075e+03	8.66120148e-01	2.80254225e-01	2.99946443e+00	2.34856807e-01	2.79095220e-01	1.30803545e+02	9.50825622e-01
2.05492347e+03	9.24743117e-01	3.19990486e-01	2.99931642e+00	2.35040882e-01	2.79053616e-01	1.30923458e+02	9.48623310e-01
2.05697619e+03	9.66070145e-01	3.60663151e-01	2.99211786e+00	2.34594289e-01	2.78989269e-01	1.32976184e+02	9.29412843e-01
2.05902891e+03	9.91053333e-01	4.01743754e-01	2.98791543e+00	2.34621795e-01	2.79264472e-01	1.35028786e+02	9.10155233e-01
2.06108163e+03	9.99970998e-01	4.42734621e-01	2.97928644e+00	2.34538260e-01	2.79194623e-01	1.37081591e+02	8.91591080e-01
2.06313435e+03	1.00000185e+00	4.83183355e-01	2.97878560e+00	2.34535694e-01	2.79193784e-01	1.37212929e+02	8.90413897e-01
2.06518707e+03	1.00000185e+00	5.22692729e-01	2.97878560e+00	2.34535694e-01	2.79193784e-01	1.37212929e+02	8.90413897e-01
2.06723980e+03	1.00000185e+00	5.60926353e-01	2.97878560e+00	2.34535694e-01	2.79193784e-01	1.37212929e+02	8.90413897e-01
2.06929252e+03	1.00000185e+00	1.00000000e+00	2.97878560e+00	2.34535694e-01	2.79193784e-01	1.37212929e+02	8.90413897e-01
2.07134524e+03	1.00000185e+00	1.00000000e+00	2.97878560e+00	2.34535694e-01	2.79193784e-01	1.37212929e+02	8.90413897e-01
2.07339796e+03	1.00000185e+00	1.00000000e+00	2.97878560e+00	2.34535694e-01	2.79193784e-01	1.37212929e+02	8.90413897e-01
2.07545068e+03	1.00000185e+00	1.00000000e+00	2.97878560e+00	2.34535694e-01	2.79193784e-01	1.37212929e+02	8.90413897e-01
2.07750340e+03	1.00000185e+00	1.00000000e+00	2.97878560e+00	2.34535694e-01	2.79193784e-01	1.37212929e+02	8.90413897e-01
2.07955612e+03	1.00000185e+00	1.00000000e+00	2.97878560e+00	2.34535694e-01	2.79193784e-01	1.37212929e+02	8.90413897e-01
2.08160884e+03	1.00000185e+00	1.00000000e+00	2.97878560e+00	2.34535694e-01	2.79193784e-01	1.37212929e+02	8.90413897e-01
2.08366156e+03	1.00000185e+00	1.00000000e+00	2.97878560e+00	2.34535694e-01	2.79193784e-01	1.37212929e+02	8.90413897e-01
2.08571429e+03	1.00000185e+00	1.00000000e+00	2.97878560e+00	2.34535694e-01	2.79193784e-01	1.37212929e+02	8.90413897e-01
2.08776701e+03	1.00000185e+00	1.00000000e+00	2.97878560e+00	2.34535694e-01	2.79193784e-01	1.37212929e+02	8.90413897e-01
2.08981973e+03	1.00000185e+00	1.00000000e+00	2.97878560e+00	2.34535694e-01	2.79193784e-01	1.37212929e+02	8.90413897e-01
2.09187245e+03	1.00000185e+00	1.00000000e+00	2.97878560e+00	2.34535694e-01	2.79193784e-01	1.37212929e+02	8.90413897e-01
2.09392517e+03	1.00000185e+00	1.00000000e+00	2.97878560e+00	2.34535694e-01	2.79193784e-01	1.37212929e+02	8.90413897e-01
2.09597789e+03	1.00000185e+00	1.00000000e+00	2.97878560e+00	2.34535694e-01	2.79193784e-01	1.37212929e+02	8.90413897e-01
2.09803061e+03	1.00000185e+00	1.00000000e+00	2.97878560e+00	2.34535694e-01	2.79193784e-01	1.37212929e+02	8.90413897e-01
2.10008333e+03	1.00000185e+00	1.00000000e+00	2.97878560e+00	2.34535694e-01	2.79193784e-01	1.37212929e+02	8.90413897e-01
